$ANSIBLE_VAULT;1.1;AES256
32343335313536653331333134363764643263616632386339623133306332336436356565346264
6566636234303837343232626331363030346362373430630a343531636239653731323566393236
61303538363732393861373137653433643836373433623537333562636365643364353231626132
6230363338363930350a356165333837303832663130636234623934383538386337646436653933
32343764353837313230353632316664663730353731303231363535613262633565396264313838
63656138623838366264346634373538323165383931326139323063343330313562333633353130
34636530353039396639363731386663666433353733316566353238383361396235356432613635
36633466633336633562323064316138363637383039333761383933633834643063306539373831
32666130613633313232303730363439343862373564316131613266323832343435393730356131
35386434376161663661303835366261303561366462623731663539343631666365316437336565
39303235353833346436656434306234393435623462313136353735653432643133623038626565
30303165353238643661306462313831333263633436616263636337666564343062663639313033
36383135383936633834363531396166333133393536396530666337323836663838313331626337
35333135356566386534663963306265623136613430336538373636303866623033636632643635
63656432626363636564663661616433663932623135356339343630623137393161663862313663
31663333366363396336303236356637663330646533613030366130303335373563313336356561
39626265376464396339383736346261616461313030613562346637363838313134383866343131
65343936646538366334373331396361353263343865313731396563356632626438396565323433
64653738656237393037633033313735326338626139646237643038313738383064383061346431
34346435653438383630343330396334653565616266623466353563633166626634666236663832
63663364333464356130653964393661333731396639376236373437373432633563323235346331
33326265356136366666616537633134666435333237346234306431633161643062306138653732
33613866323330336661633664363736333935663638346636343134383831623632366333646465
31396237323933643861353564343262316239346562316565393633333733313763376161386230
37613164383133326430356663386463326339303535666662643431306335653864623739373830
34356135363039666336393039353863653639306137316462646463346364333536326565653464
32303838343463623631383130373239383539616231633365383130313165326636383835623965
64656631303131333361383631323533366631363335383834346232386662346137626139626430
61613466396638383663646234313032313537666531316132616161653133353062623939653764
36376565636661383465393562383536383465326636373135663437643734653166313730396463
37616238623862656432623462393537656363663361353061633262343962393039346136313336
34356661663730663636663664653437663565373139613538623738393561613238333936613332
66656662643339303861646430363664383031316666366665633232363632353862633265323835
61626435303561303939333763333864363433303839316333383330386630633935323635636136
66663136356436343662643036373738636665646337383034643865353632616539333430343462
35396364323263326265343562353336333633666231313731323265643437373437373637616130
37393234616534323265343539633463333361636330633162393938313730666432373331316334
38653739633137343933333538613134303762306363303733383331653966326262653764393462
38326435353061306564366537383534336661396533656463666130626335316362643437363662
38333730303437623935653830323238376437613635616333316437316432643036336165356533
31363665303865646438633930373631343437623565633039663339386538396138653034393530
38383466393934313535373461356339653761613563356665306533343936393432643932646164
62306632326234326234326234376461303161643436636239356530643066316130393337306131
34383462316232653461303465303031373030373965623961626235306138373561326663363365
33303439373934333765613732666665666639343339613935333866336633623036313462376230
66626335373236333734363932343539666462396430643333386262626134346663396332376631
363532666563666162616335663434623034
