$ANSIBLE_VAULT;1.1;AES256
31613934386331326261353137626463386365643233366563366632353131383431353763646430
6262373834313037333063663633373638333664393366340a636465323661643362613561336630
36393338653836616663656665373163326434663363626261613566323833383630636664616639
6133383466306632610a313262626637323831643331373861636135373931656438346233396630
38616332313030363835623035366637636335353266336139353638636635653133663333656635
37656631653863376236313934353662343237346330333538633236343235623531626635313462
39346334376562636136386161396435666264666565393563633136633338383537333765336361
35623930623833373166333334636136303561643135393436663631316365333339366138346534
38646362633939353165353135326334393933616566313162373963353961623932646134626566
66386536623935393366663232616637666432666261326464653133303034353266623930383636
37316137336262363966373061386335316263363236626263343635633766373131663934366165
35383163363065623263343135663266616432333562363234353734346638373233653865656261
37653638626130383537316533653939663938373330366333363537353239376533333531346665
61393038633766396163343265326166373131633364323932343866633035373436346338623839
38646238353334386136653932383964656366326534316132343266346131636264656163373131
32396533306233636331366434326236363737353764336162383766333630396236633032346364
32356666653262343333646336323930316537303861346237643734653435326564393130633335
39313936393039636537383263656138383863656263613534386666386633313931633463616266
34333131666465356630373563353832343866383566396365666261626237386431333362333832
39363064376263363833633963393935613732623535376462336266336133373331626330623130
37396636316664356532663135633038666262333139343431383261366166363961313464666338
39616533333665613161383062353735353765343935626639313763333436366633346533663633
36376563346335303431313031656165306632393630373030316262656235656562666431306434
33623766383031323563326264663461363065313836636164343137626335373732306165616666
36643435393966323666643534363134393536333764333238626637376638353634663566623637
33623461613032393566383166643464623265353634396438303035333831616135353465326261
37653235613630643038393637393064393731626632383461333866663165653436363264363632
65383337636139643363643566633331343733663636633438393032306630333861386232323039
33633338653333653336643435633264343066373065323764333661613233366538303466343962
63633761376461633162373831636530383161346664346539616334373132363533323034623461
39303734363165663865636432633162393164636163313761626164386165346563643037303461
66303432396433646465633234333534356462326365343732393430393533346538663130376166
34616532373464343765346233376463313130646433336337633662643538363439616464373735
39636134633561363634373734333831646337383436623732646363376565313633633634333738
37653431313333386537323666393565623564373134633735643238333238666165613136623235
62343839386438666438646236356133613531623939616633616466636231663063333966343438
34393338653764323731653163633539363931613630666136623062353064656430633833626462
33396633393562653566663034373934656133366461386431663839303066363866303832386362
36383238313062363631626137333332316164323937613965363163363234656362363435383232
66326237336332326634313036363631666330373231316366393538396462336439363838633435
63623135313232653461393436313732646565343839663832616339656464316533643831623530
30656632663266306466623735326666623366393835303866643561616539303061303636623830
64396566656439323838363966616538636435316137633838613736653233336262613766336332
39336666316365376238333534323638313834373531326562353034653334326632333338336538
65643237346639303639373635616335623939663335323864316330396466626534383934636536
30656231663936336532323766373736623865386638663834626531666631616661353264386432
336534353436613366656430663265363463
