$ANSIBLE_VAULT;1.1;AES256
65643564353936376631613862336134653665386630366330633638356536636139353265326336
3836306433653161343865303036356538393034333833380a626133383665626236393866393563
36643964363737366662626666643936613936643664653433373435323361306534633061326239
3365656633386239630a386234666636656361613231313434343830643563666465316133623662
61316337666461623064346532643532383664663136346330373465656537366536656165343237
36396662376366613561616266323238666430373335663864333330376135613337646561343064
62623033336563323337303563666235323630393736333537373366646365666564303465333639
33623339363337633131376432663031333639393032316466663861636232646630303033313031
61306462313231613763323261346461366632613639393936613935613538633338393533366230
65666632373735366563636135363434653064353962626434396139343864643933633632616563
65356634393939353930323830653934383335656139666231386334363266666234653434386265
65386432373736656631326365633535323139363134653838303836313033383563656632653664
39346265326631663934353464613762656234313932323363646530623266643136333539646631
38666435363035386461646232643731353065626363663433366462336639346666616238643337
31626137363832616532396237343330313764376132626366373161633635626330396162643961
32343762623663396362386162613862393764303733323835666239343033616138373866353431
30396134366436313036393035323638363533353630623066646336656233643663383961643636
65633063623832303463633864306262346435626338643531343538306432366631316463346335
34363537366531326539316661366438333132343230376535633930373831323664613063306137
61346533666465653234303531323239313835653231626336353365633061356466626464333739
39366661623862643239386638633361336539346563363535643631653966336536346535613661
31643630646236396638613065353230333266333865353130646433366634353362376566386435
38613932666562666636613536303733626637613238633532646364363939626262643438663665
63316136383065653736336433613861306362353966613166636237633165656539343365383135
34643636303535313432633865636365393935636238633164343938653434333438623738343564
63313038383535303166303561376665313765393661616333323165383031633466643666343761
33386532303238353863313236633662376539366363323361323637663435383630396463386466
37353465633734333130343833636235313966643331623131363034643061626636633538363334
39346261346137326437616435313137633238666137653637303066633466623261616337383263
38616530396634343662343265343562643232363233633837626634636536663030356632336234
66653664666461653932333636636139373135333836373465613238373963646162633833633238
64633237633331396563633934386436313830303336613439303530383232366131343064363466
30376536373166386537653636653965313965303833663936623265323461383663666665336331
34366563306562343937333530323134323835363239316563633566663531363666663332313331
39363138613061376564313361663662613163666638313036383863323435653032366365346537
35336664633031306566303333393039613038333564343066643930663562663838396262363936
36643033326462313261386263303764363030386561653364653035383531303139306363383536
38666636656265396132346439376161356162316239323264633037396363373066353036303266
39623866396334363662663832613665613031333635613034366634383337323036613233353237
38363361363266326333623339633930633932353664356564383037333933623562396635656638
34343934616139383234613237393937353231643832613362643532343866663638316232333137
64306434396437613139343162393564376135363863303962343934356139366363326235643161
35333233623765383839326537393037383765333965373837383231333365343865656662626130
65633933633833303137613965623139656461623934356537626532663036316239656465663135
61353030373631613935353461366662373966366261333838393139393561323764343734353330
62613839383339383437386333643065613537623336636133386532306138623837663365346237
333233363331373964323133366462393165
