$ANSIBLE_VAULT;1.1;AES256
35383937616235346262383562323763666138383863653239643034363466353734353836343831
6432306232326363663037363765643361313966316463390a313963316437653633616138623762
61343065376333333966643361623765353330393766353131393132363935396530323136363538
3838373533306237370a323664366265323566663861383639626364336334363131643636373438
34373733396133646235313661303339653234653531343235323563343730653761666265353664
33333338343837613138383764633566363630633335663330373863316531623930383965636238
64343737353634353031613333313232346636636531326436303862626339643061353337656665
33366266343735336334336530353738633463333034353330306431326137343234376162663630
63646563316131643430316430356433616138343365313336343239613762363265393239653634
37336363303039326336396237666663363564633836646231396166383331383033393361383632
37353936633863653661323232643337323735613536383736396566373965386130666130666233
32333137376331306264303031666139633866663462333561656539336339366166306632393466
32363932633530656536346566646232616635303130636266363530643862306339336630663238
39636639336130646332633165303764343962396430633132373762353231613162633235613633
66396338383431633464313438626362626265643238303763396665363637346666333933663639
64616132313633316233396333386265643532383139313831393565373232396236663762653034
37626362623363633531396465393635356232393831333331386132333462386663393665356562
39326339366133303761373062386432393666313064643138666436326235646163383663366564
63633037323262376437633665353037636164316238393965633335303936666136333732333264
30366331376434646161363237663332636338623264343731633437613635316339363131363635
64333635653731343334653533616363393663623533653964656437356338373731326266613634
39336134333165313962303736356666636535633365306336396432356437366234613061636332
38313433373235336638646339366662336664303839303835376265646335353331633837303561
61623539313839333862623634306165316361373066333230613138336336323837613163613930
36343936316530643161623531363433653562356137643230613565396362333139326161323430
33633431636663653632646333663462343665616135633665353163333838616138393430376430
35666466363037636439363530636535383362643662396362653965323537336664316230336232
63313133366139376365613831626366613539623665643931333361333666313636656439373362
61613765393166333664623231643564383861356435313565636538663261363164393265323266
62656632363062393432333433656439373064303338346636373139396239616461626235383964
39656562346230636433323739633465646365353765356137343031643037383830643265646166
62393364646137363834653132356531303263623834623132376462653531383434653465653766
30613762326332333564323934633338303634613935373437643430396533363435663232303763
36326264343231373432616537343363633130303732313165343435653631333365626332316563
36373530313763653233343866343863393366346161373037613738343462343132356161653038
38643065396634393739353930316637623935636331376466363866393936303139306339393037
39623639633338373965303163326331323665363337656165626530383232656561343036383232
39633664333732363363303639356530666662323039336663333164663631616561376135303436
62616461613031376535653263653138353935646334643231623662363563646137616264303630
31356463663062656330356532366330353763316464396637316264303739333534346533643966
62333238353339636336363837326439386436613662353462363030383963613863363533346362
30373761646131393465316238343863323031353036346630663235376637623536643661643438
30356533666333393731356333636661366537393334353932626661633936383736653039363634
34333339386231646333396265323562313532616539613165656231383839653537653738353564
30633833633235636461393835626461646436646261323264393532613563613663643363386163
30663339326466353163313664663039666561393537353161646164363262333839663538663666
333233623633653139653264366633396536
