$ANSIBLE_VAULT;1.1;AES256
63383537626431373461373938393130333238313365373363623531383766636363373262626163
3138616539346537653637646231336432613263343039360a346635656665653936626531646538
61326134613639303863313466393037643739616466373934336666363364326539313165366133
6438653530383131360a356434616338633065393563383838626233386436383465343864353366
61393763336165376531356336653664643831353931376535346539373962383561333436353434
65323531356535633830356563633138366635633332393561383236663634393364396536316333
34346466396466666137323332663934363864336230333430633761343366633263613234653065
63363738336435353562303831336432326565653661383936326136346436313532646263393939
61653430356261313362643234336262336632666463373365323564363039616363633032356237
38343631623431663639363164656461333339646331346461336662663461303264373737626138
30666363393761383161373530356666383739643762656163653631653833626563663163373461
33363430363731326630616135646334373236626466316566633934663034353266333138663265
65363132633466643433343636336162343935393038326238616437633462323063313832386236
64636463393264626231316630343863316233373864636136393936373264353236343930636339
64643234643662346339626165643039383363633063323662633330376439623866346334303938
64636436373838386564306538373462323562633163646137366164373133393066373238303865
66353163616237653931636464383537346565303430626534613738303133303532626639643465
38626461613434393132373865323431346236386133653732323064643538663664643230363666
63383638373761333966393933653837303832346666623465666535343962356531323439623833
37623664326438313634333136623066373832633665633538626536396634386462663235373330
31383166336464363335313936373630383335353164333135666438666332653164663164363766
37636238396134333734316338643639383439353566336136336363356431613462343530626238
32643735643065653866656632326134356131363535306138393535353266306130326231613935
38373964643231373038346334393936306666373731666539373165656133343630313337643930
62396534633038326266363930313765343638303032633561336635393461616664646138653133
61383530333733653136353436396233396136616231643835306632366534633363336434646266
65343133616235636663646133653966336663653236303930303339626364323633623033326139
64383461303963616236326461663166643330336130623061393432353264386538646634366465
35643230383462393462613461623334343933663664386636366535303965346266633835303062
66643639666265613138623365333330383138326433336461363762656331343435646532366666
33633731623162663231656161346330623261313234626535613231663637633333316464373634
31636532306239653334326339633963643439323264656461323962613534353765633464393662
33313165356133353366636331633665306636623563346561373638353032393337316165363864
36656662336138303235653562653538653238353234656265363535343933623063383236663666
31353763666338653131346363626530656634323635363435386366343032656165656264626132
34366534363563393766343933633631393139313465643833616263663234343431343562393535
38333830363066376234393638393939396666616161353637616366626565643561633136663132
37306637333237316661653033626135336136636637356566643837393837616164346161336132
30643564613831663166613361643336306163626663653263633661656563313066316561336662
36346234363636303133346332666131313338653261343931616562393230623830396465363238
36346339653366396630363431623732303439363034323636323935316130383330633332623636
38303730663736666161353137323331343837343165636635386230646536373566613638343836
62383864396131616162616435356466346264363638363066643332366333663935333766633766
30376531333362363332663234633761653165323766316435373063396334363766636563633239
33353266396231663939363032346430323633303362376163626361623162643434363232303266
37303636326137333335396234363063373638383563393333386238646264366136333062393062
63376564343136646336333965666361393561323138646166636438613964366165373131376534
38643532656362633139396435303835393337393461626330613734323534356539666235386264
31383530336461333339356338633666366461333436306435306166343561346162616236393039
38623330396265303231633338376562356134336532613463653030333265303332393363623163
34373432663166333433633532346437646438363366643831363438663432363763373761363265
61323436346331643566316239313865616131316165663938333461336535313435643739343339
62343736616535616238393961666436343335643737356562363164343166623938373062316637
35633462663532363131313361326337336331636533623534356265356538663534666637353837
62303634623938633236373162393766653362656230376336386633383437646463633237666433
30643966376130366230653731303664396463303730383935313134666632396464386462326361
31343639333061613036343064353536303330343836323363383034363036386635663037323736
36613336336633633939633333343365616438373463616131303932343033333166616665396664
61613430653032323637396333373536656431353065653966366166323337346134626437356332
65366434373563386436633237386331383337373633393863333135646264353066613132656361
65356237623238353332383731366361303862626534363764613239336337636266643164633732
63663161623538633036373734666136346134626134353166613734636337643862656666636233
64666135633430613137313738653733303766666239633666373232653237666339646462623264
30383133396138373262393565373632306466643730373432353539373665643932626535613438
62616436333933383363623864306535366535376163663364623934643238306138303861613232
34636133633935303130376236363538353061323930336536653164643966393538346431313866
64313530656263373431376663313063376662626130646563316132383064333135616138663766
39366135333563363735373237346133643433303932343936623831306334626534373035383139
32323264313638646161336538363830393763393237303034373765633635306637326332353836
35316231383162386333623638343337653962383464343061336264613562626261313934396435
31633865633636393135313462633232623030353337333532316664613535366662316566363436
62323262313137343132653837336166343231653834396234616233653039633734346537613833
32613063633062373363333131363339616135383763386335323161396334643032333230616131
31316262383231373435313063393161306465376234306663613136326639363763313339396239
65353434643036343535613330376364323937323664623937303937303837353832336639303262
62323337376364616437343138396662643036333436613333663535636162363330373738323464
61363031656334663337626532343635373739396461353331666236383932623464303633353332
65376365666263666166356363396162316266316432623731636231646631303530316631666661
30316535303462656133626538373833363265316238396430656462636239356563363564356134
36636666353533303935636139633539386530323361386634343164363433663238316265326134
35336465303465333264313063653461636461666332353066663236393332336433386166363335
39313561653231363336643334623337623130306139306431366362346537323939346165396136
31373632626531653538646231613535333264643461393662303864313135363135373265356664
61383039343462663931356238353563323861346630376336316163656461636466306336623633
65646337626235643136386239343831396262623734376662396233626665623663313763643564
39363439343237366231663839393062656336366264393332313866396663316336326166363065
63626462386135303063643465626331623034303264356466383833643461326265643431353361
32363761636162643539613563303535663239306532616135636163343632663938346430653834
63663366653665356366626435316539316537353238326432663131343630646533613333383762
38636134376134376630643466363333396336613837376431343737376361666639363335623031
33346363626464643135383164363633363939373730313435336636643831393137313063333764
30353332396563396464343131383163343365333238623236333738336436393734623463633239
39393732313630613533376132363365303937326437346363393864306339363862623764646634
30333363356562313935363166616361393836363862366633353435313761613564666666386230
35383138653237663630383533393331336539323333353733623562663939386230396564643064
30613038653963306433373238323839313334393666616364393864653563346461353235313162
65363936613731656337396535343061343033303761386561313431376365633432633263666436
39303663653938623635303338383631646637616261323335393633383733373638386339356363
31346638623061633834663563663437303462643037636436323463363564313438333836633962
36336464363164393638386432343639373665626530303430303065653638653235343361303166
35633961353137313733323065633338386339643266366530636265646435303066623434366531
35353739663431336137346138663136636461383661666432653433373861396634396265616332
31636434343437613635386330393033666365656334356565653436356336343836623565393839
31373039613632306133316333396334626563323535663336623765343735353236613436646561
35313739323662323430613834363238366137333430383530323539323234633663323538343032
36393737633165323766343932643837613636363535316632383966646263343930663036366662
62636130636262303263353862636530653630653463363336616165373432323961373464306534
66353565643536653932656461616438353164333562613339363839356130316334666366656233
33333762333864306235336333323830646634666134343161633266366135353364656465663632
64366430643166633835306665353331623763383237323835633436353339386663333465313130
62616266396362386130653038366631613331663037646163306639366262333939643631623065
30316165666262663335393064363162616464643934333331643530613232613362386532643035
64383665383764666133346639323038613364383131343637303862376462643939333238376235
38376163656362633366363365393864643164653536306639313735633439353035373661373261
37616462353233343233383638653939306636343230353330303332623334386562313034333965
63643561343734643565643061373539366162383338353334303563396334663836613534643164
37346664323836323831396663326265306362613961366439306332623538363665313163656535
64373636353939393563643634353231313164663563656632353363653164393530653264613964
35393564663339386161623836653861313564633239653834643537613162343063663561623061
31623638663061356562643065623433366662613230316366653163366262396365343736336531
37636663653765346566313730323235366462386335386339653663383135613130663232636334
34336331653865343539303634643963643834373531643834646535386166626639366461643464
37613662393433383165623336636537396430366666643332616636353666373234313065343232
65316634653738653063633737383137663365663465393665626437373664346531366665323135
37633137656365306439376138373634333432633431666135326661303866656139343963313462
33663565656239366562393238343732396333633933623836316433353961393131323433663038
39643233373037393964663730366562366165626462383266363030323331363866363933613939
63626336656162363637643064643630663062383065643463376631613864306236323164613439
38656265333966363464623264393862643836666364366330353733656130353165323365646261
39666231356366316161316333373331306261353535313463386330613235643833363631663333
63333365386165363266333662363566353465636431366334363730313338393531633330313337
32656564613939393431646433393730366466383964623662666463633566343035373761613236
34373235323233356638636161636333373439376639303838613663363538333763623761343238
61396431383762333431626337633362653936633165353762306337316139376461613863663731
39346265396535386130616364363539353335613665663363386331353662656566356635333463
31363262313466333936383366633130336436323333303864343134646130646563623032306435
32366532356366323636336264316361653738363334666364353930376466383466356364656563
36623036373930666238356261336666353632616161386538613063623263656535643062313631
65613834333466646436383963623735373662336466333634626465313966633932643364396263
64323930326438383363326531363265336635613663353130323331643764643166346161333833
35646337646633303536636561346237313862336661353063303561613865613237393837353737
34626163663662393336386265663335636662306336633536643131616461373765303335326234
38313762396362373863363139666463336333623165616462663031383237653861646133316333
31303433653365613563633834663138346133383965373463393131336365633665333832383831
32613066623464383763613766633835656535653434353961383064346335363437393264316533
66346164633033643034326534643865346537363230336262313564383362326630346534303162
66656365613539313561336331373432643664356662376436326363333963383137643331346335
62313931623065646266346562613466303465616439316661353561663738643465363436346437
63313631306662343934383931396136646533393462393235376565633165336663643737333962
62343633386466626366363961383138393538356631306563663963353736646337373962373761
34343036333762613435646463363932646664333436396162333766303764386236366337323762
33363434323739356164353733346636613963646239643062306236643239353762343433303837
34336536633366386234656634663464313464626332363762366263663962376337383465633035
31616266323261643238393762613439616339373634663962306139346463613662613663663862
31326637633836386630326238366439643862666362373166386531323430346133343066393336
65353838396135396339373664313038336636393131643939636234383230666533383038663331
37623231656464393864326635623561306138623966316338356338343466316436336662363565
33363663623730373563613936343565623130353463336564623530666630643438316532373164
33376439656431323063613035356631353462653536393739643636376436303664326332613565
30386531373762343234383631656233366666626432313139366265363939353131663464653265
35353264393137363637613363373639643161666336623239646363623639643636323538666563
30653435656561333361613530623233376261646163636461343736666339646161396566633231
65346563343932666236663531643164646239376662343662353465323963616130346633626664
35373130653630336332646337643835353536363939383837366639626635313265656130306532
62393033303135373637353739616165316430666531393130373439353134666438393962393433
37363636623432653534376535633330353063353764373964393332346232316365353333616337
34316338396132353864313034373661363434666464353734373830393236303561336134623734
37653836313164373235643463363262656336626333333665303031303531303735666336386434
36616433303732316666363835623466316263343430336231653930326538626166383063656166
66613136653336616134346135616335613164386631383939313238636238633362373138313864
36363431663739313034303430623734333039633839323035313334396165313433316163383730
38306238306438373232353537386665653535636433616133333433386538373261636665643032
35663235353063303032383262626432343766373830633166376437613033333462396138343565
66363265306636383465353166656539643962363661616361363036366131396564623761343733
63336337303864336565366338613466636339663132613937346638336333613239316136313431
38383138633138623932326333666433626638303939366433353238313536313238393665353833
65373838373061376462306331623065396366626534396136663536646332373639393263356431
64666232353638313466653961646534356431633765323765323866666233636463396233663963
35373664343033623036616336346462646364666362663635623431393637303738316134353933
31643734353931306461303635373937666364326637663064613033613336653664663364666433
37373861633264323465396630633539626132326432346166386430306535616339666633316637
35366266383637363233376238653265643833316434316533363635306561316365306130636333
65363635303431616564383365323332346130313065626239613866646137343466326231626637
61653335636436616637373533366334343739643232313866373134613461316666323536316534
33633732303562363237333365336665366238376565376565313339323137643939333230356333
37633635613330616263303365373631626131336130306130373365313335303562333863656165
33376463613738306239303738383636306134393635663764616366613038623963383531343631
31366631373932313439656139663037306436373230656461653131633532613038613137393862
66336133336663336331326339366639633932303535356231623862636561343037353063613434
64373266326531636563666439336635383336646333316666383831373636643734346562313539
37353831373466303930626330386337326561306562306233333563333366613462616234623033
32326131326662383739366562393436646531613461643031303338303565633731303861383835
61366339353931626231613966343635663538396533623061323066396261303661343662333362
30636338643263376434303730353636663435623831373731383039666462383061643135353632
36666665633966626234643561323531653362306437306464326438316337613130353665303362
35393235383432323939386139623939343964386535616534306232636238353233346265306232
64343466376138313735356339663436646561613137623832303034363864623837313464623832
31386536666130353662613362643733623464626265373661366334383837356364333739323432
61356432343666333563383030326234306664346562623863336639623466333466636139323437
33313031316461666239316236303865663062346166666262646339663734353265636561643165
33626430616536643637313139626331313166646466316631373639343138373766623139393161
63336339363962613230653433636136646530356661653839363431303633656536363462353937
30393439393835366566363137353231306461346161626533386566346364663333653064323339
32616135303335323562633132366362643135643633636132643366653865653937313064626662
37363031323562313763396263303463663366656263376130323531353630363337363463626463
30633765373135666238383432376539363837303032313962313166623432303935626661643833
64356633353738306465306632316330383766356361626235373161373366663438633333303536
35373931316639323064383931653561323631306262656464613238386663353230363166636233
36623431313662353466353963333133316231343631376161643831646165363166613636653963
31333666656638313035313865653936633137393366643139353437663362666366643636636432
62613739383663376665316131306531653135383763303139656132366365383864636137666236
35386138396136346633653638323262646466633232306234373730303163323431656463656633
65303632623662386634656562306662643537393638383136353564323136623765626630623366
31643335303532643137613666666530623237323864386630303232303466333663656534323131
32313639323563626664666237316234383335393363343734313737663737663364336261396331
32333261333965396665303133646665636637613461366233623636313938343665363166656337
62313934313862346334353262323630343539326439646666396661646430626436383338303031
65666639386433623065303838653834343865643737363035306231646166383061653863336431
39636232356637353030393562623165316638316132336334393235626463653566373433356230
39383261323566326362386462366363663732313635333961383838333533653834343763316539
33626262666539363631383239643039663962623330623665343366353462393130306666666463
63653735653166386433336332363135313436393732346235383438626561633761383636356130
30323763623339356165626436643732313930343935633933393733343130656439616262616637
33303434313737316363626137333636393032393166626433316539393661316232313836646238
64386364623835313561363030653232313666343231613234616161376430313564366332623635
34333530633034396166663261343163356332313234353835666535383335623832356330623333
36383534616431623631613265346131353661626231333037396633623437633163313035363464
61336134326534653337623166643063386436353839613039363566313135393330323134653566
64366232656437313733636362326638626234383133363261323934386362353465323064343532
66396563373363316162626161393161633162376361656461626661656636653831653764663962
35303830623165396633313764326665383939626132663261656337353266313134363331306434
34336533373539663939366664346366343436626233633131383034386135393766383239313638
34623939356538626630353961346539373963646133663761613339343039353632306463626161
32346163326338626565383837356135653839346232616565323139363336656537303961303931
34613035666231653634616339383864623033663734643066386461383363613561363134356561
37363438363035666164323235336164323566373134366266663333663132643531396432353461
66333839653434366536323365353965313064626161303635666139353337643237313139333434
31623232656633343761623962636563353334656430613738303363346364343430356230336339
66373166353566633534636337353235346432316535663364363838383932613366373531313461
66613635653136323132343833343535626431646530326662633334643039663964666433313930
31383562373438646666633136326639383833313664343766353237386433376565663433616566
66613434396233656263656438666366623461306161653465613630356262313164306530633961
62623964313864343434646439636465343061313266343965393939383562383037623336343965
30316664303139633638633736376139666139363866623336353064346233613936323637633966
62333066356362636462613332333063303937636134646461363439313838623261656438383162
37303261643334656635316261633736616339383265623533363965393733653962653632653161
32646566373231343337353630346436633036663063393166313537303164393235646338383261
34376261313730306438646266343037653633373566306135666364336163396530313138383837
64636563396264333661623962643939373163373934616163663064643131373833333836366461
62633362663033653462323839393035373233353836393932353666323265386165353036383862
63373035653161353566396333653133303365376461663036393533663864653530383332636337
32323063326565643230643562323437303662616662303631646166323633656165613935653037
30333037346565643564373134396364663336363138643361663562663835343161396536663730
64386132666234393633346261376566336635363864633936333162383330666561376664663337
63613638636464393735343464346465353337363237303231623164383466326435663135346634
39313166336264653337623061653736323736383330353636366533636362383036383362343532
64373738313664653066643561316631373166313362613664653766653166636165613735656434
33353431333537376238623566616432356562326633613835663035303639643565393537646136
62646162653937306436353466653630383830663230393962636161366533323337346263373939
66343064643333656636346361313134396261353461643631363238656139376461386562643961
31633864373530326265643935333337373139633232643732383961343362646631326437623863
64333466613662666462336261393338643235323964333565373736396334663539366636633535
32373461643162613930626238383265643232623634346430633738376238373134346565623338
36313736333532383266616265653735343864343131383636663361666430306537323537626439
36363532633533316534663839396665356535316364663338623239663630616332353437303864
31616633623436633431386436326637373230313965396135313638336433623263633330343435
37323535333661383939303736653938323830613138336538623266613536643663386634306435
38306435336130383832386630373437633532383531393330353638666562616362636438373232
62633931303766646161333439623835653865633234396538633431366536383439663436623362
33366137643161616237313765613465383334383130663563393135613839363062343136646263
33326264366161353061623931303232353432366638336266333235656538396434393434626638
32363061336631366430366337363035303364326634346264653137316539626537656262613761
34306237303531613165316639376334363038303963333765366236333561653165396665316266
36333836323332613764653461306533376632643833333766613732616533343230343334373037
39333937373162366165663530663562393262656532323530663836623962333761376232646635
31623362376265333264306431373431383138663239363661613236366131613835313334376662
33323163643834633138653862303538393831636562373936346431376331366333393264346362
35653064633436316438376234316437366630643531636537626566356535643939396130346666
34626561663531613539626430393266316233313063333366363231373131323231326439316635
64343034353033333738373030343062316263336564353030343032346164636536373166636338
63383162613532653036613266323332386464336663666537646163313264623136663031623731
34313632623131323735363038633062303162623933313464626163326235313436323134333032
38353830336431323534323234653934316432633063653633623662633139343336373165646631
61646134626264306561616337323339343535626563616534623330633739356563663735333239
35366565396330393365653166353938666635653139373663333135306466373463646630353538
37313666396435663962353265363161653735303531313531643130396639663433363264643166
32313131643536616430623337396563313666323963633835663761393439646437383731303136
37316436373635363063393537343030396437646232633835663030383630323565313133333937
36333037643738393762306163383238343038623265626162306135366165373737633464346564
38373535653133323231656238333862363534343937336239356361376664396138333733636465
63366536623966643832666431366336336639316230373161333935616336636332653937636539
66346261623737376332343331346232336632666336356637303333396134383661353231323265
65366162643336646236393866326238363735343063396366666465636661663738396639383366
36623362633636623533643566363062343063643739363861343163393636636437653437626331
31333138343334356166636135366335316464616637393935373764646235613835666239383566
33636365353834353432376464313061636630613034343136356463333639356432353664323235
33633238666130306339336233366631623761613633666663336635323533623438613439373738
34306165613338383736643936663638393463333832333337313239343962653236336366336565
65643237626534353866396534663666383936336166306566313661306466313735643937376263
35613463633835386531623862653934303932663532386434326431353838613338386634633134
32653662373337636231353137316665363134326639393530376336356638666166353335353734
65396264303466336635383730336134366239383164616631346464316231366234373766326439
32356530303036303633633863383239343638613234373065373336666433626639346362366533
31613930656134353562616561666465393666366635633832393162376362643733663365386264
32646664616132393536653332613335383030333764376366663866336330316639343834373635
66653439616536373662393337366439333533363539313831643939303331393262666163343335
35363464656564313262383661306462396462313663616463313231623564363134666135323263
33303765356261646331393734666535393333613165663633313935326663613165313162396635
36346562353035396438643634343365383161363638343961653735633430616163393662386362
65666232626333366465626438313366313834383862356666623737643035653136643333333135
66323331303831393665373437623466383265393264386632633730373431653938353962366663
33323866623261333864393130326238646639393733306430393933323238633764623662623064
37616630623164653630346535346538363937333033393963636136353463393839386136366239
38386461643638373738306264396332333634616131396231653230626463323234666162656630
35316562336162643266623338663235636365396365386561306362643332623336373032326662
63333233303463623332643166386539313563373563663538353730386239393630303136623238
38323162363535343761366339393131626639626264333237323166316431623937316337653864
39393461653364626665656466376666653064613063643033353435356132623362326363323038
64343637343637356435363963653766666161313536393163656630663433303464383530363432
62636562306362616332633562633631303036656534616162386463303365626465316661633735
36353234343331643038626330366166613935646165323539346337626135336431373164636235
37343138383930666436626235653963656232396137626130653736393938623362356231666234
33376539333534343335356665383330353962363838303639373362306335353663636564353939
62396130363133366233303335656564303436666435363238396234656433343632363535633036
32666162653039303938356130666664386561393635383635643339393936333033646462373937
34373161653161343863353363356635326634396134666638363637633038363366306335663432
31316564383861376136396530373332356635353461643363366435663564633266346632626666
61353330366237656435626133346165626262373431393165326135383335336531666635363262
61333934393738643861356364383437646134323938666234663966623932646331633265373262
62353166313163333533363238323032323662356535323061623638626137633535613233393165
61643031383832653935616239663935383462393561336137373136313766393530353162343161
39306234383631373364646537623035656564646237393130303366353064346633386165396565
34646366643262353037613465306635386561333834326131636438393365386431333930386539
35613634333536393833383063366332663637363439653266343035613534636163346536313533
65653665623930396433363935333066386338653434616539616164383639643063386462396665
33386564343731316535313532633332616135653366663639313164383336636435363361656434
32643464623161633264336431393335633132653363363862616565336439666435363331303839
31346166373539393237383130643730333265373133623462383337643336306338303762663430
33343464346564656462303438636163373630303830333038333830363335633533376561323761
66316534643336663565653063643864643761666661363065363264363262633631353462316135
65643966383063323061363438343061653732373465336231633639646132366666386364343862
65366166626432306261366437303334363834656164643065333035373730303232353735393138
66356235616561653333333261363734333964666165386132393364303139386263396531353932
65303036656465636162313632653630643630393632363662333736326237333765663539653131
36643963366264393338306466613539313130373461643335653363613437613634663063333662
39333233616434313636383436323565613734353837333661363733373930316336626634333630
31623161643561356436343864393863386236653161626566643934356132323161383439623466
66306530376266633364353037363636376137656238346635653432666334663163336138316534
65613738653336386133393565353831333036663132393062336337343461363334366362633333
30623830646636663563653765623863376530323364363761306136613233383634313831643563
33663332373232316431366465666261613233663730383363633466373730373862313363353662
36306662663536626239663033616332636233356235636233336265306631663862633265386235
38353262333165393939623335383231323566303564346439343838353861626239313930633535
32376133343366613834336532373666346663353537653266653261343864346461373533646533
37316531323066353331313838343965376366333635653437336234353761316334383435643431
32643165663132653637323235356561663730653233646339313962343739383930643336393065
66396635343638323364366334636534336437366366656537306539643837396230353634303330
30323063653131333633656664306363613736393435636237323965363732336336386535343332
32393563323664386432353835643566616563633439306366653038323437623164633562656266
33653465343533333331633031656230306362353138653531383534636362636631306662366364
35636163393966643238313464396133373263633637316337623532363037306162363135396438
35613938376566623963646539613066646236303461383566653339353433396535623464373532
62343334626665373766623738343836626236636564366163623538653666366361306266366130
64326438656334316661653734386634633936626131623765396532303837616463396134336362
65623132376263663864616463623463666164336337646266643863363033643666663839303363
39393662626536643030366433616164353534323863666532363435316664396536353965633133
66353363636433353737356265316235343137666131326434353333666164316665326632363138
63383333326366343233353537333065356333396639383538636439653239613964663532393534
33623864623035653735313236306136353762613030663665633233623962623236653339633338
34313861336435323164383664663634623135303833366136373365303265326133316232376634
35343762666665336535633465316639633363663166646337643130626461623434316235353033
33303534623361313235393835376631336163643939333239393261303432653639396235383339
34303432643637373265353963346636383734366464323530326632363439643538393662663531
61383734373466303331643930383639363239653239383363316235333761636261343739366538
34353162623831373063646261373431643932343363306262333439623565633965653332346163
33336562383037663964383163313762356235646330666663346261656665333562306131366435
33306134336261633138313130633438363537336563366462316563656265373536323233393137
34393532366366616530666433313862633165613236613264316235666537616431306435333738
65616265373839636433303137653162643632363666646231333937346463643461656666646163
61343231393133346262633964613663303762336530346233343637386431343033343739353562
64313338633136656364643632346430666130663763616433626136373263666139626464663634
31333138663030313038383631306565343030353930303262636437663166306264363532353736
64663335336465313839353961376336383137363832663937323239633561373431633631346165
65616463353933636236666532346236306239343739373033323132343035373538643065666363
31646638316361623434326337616461386131356238306165343632366231333033306637363762
30643432613334376363646362646338636363313132656361636164633438646537343161383537
34626431353761303361653661616634323235356130653330303131383664333531326536316661
65353731616264396332343563373131313135363533343336323731393736323836636161376236
35653536613835353436666635616236653938366539613636666561383036636639306664633631
31323365656133663134633366646465643263653865363334313037616461386638653161343661
37663037633763376232663532356465623835646366616131356531663736323364393362353536
32623534303165646663336634386537363166326364656332326663626532313562323063346262
38663935626165353338646231336235396537663335656462303330646533623630623965326631
38333835373664333033333731383966616333306335303066613233653133643831303538363034
63303831353661316663646465313936323839653264366434306663653136396434336232626631
66343831623531383835386262376334343661313831333838363132633764326238623538653330
6238
