$ANSIBLE_VAULT;1.1;AES256
37353234326238393764633738323239376662306164353637356535623831323063643766613239
3661633633356462356364303764396265326431383162310a646239363465356163393030363430
62396564393735386438616361316361393132316436383561626630643037643864326630306137
3738333263626131650a663332336530656135303135333162393366303032396465663361626237
65396530393335383631656139376662323765393935633162346363383665666561363862316531
36373163663863643530353836333361633138396133313638636538316637646239633761616366
37613933613333323131653463313630383961306136646631303532336535323231333835313939
35333736346136306162346333373137393337376265336465383634636332616238363662323137
38373163363362373536323538396362626132613636393630306330616265356636356132343438
36386264636364343536356334656238626238663765643238326431326633653837663937643864
65653966616338326266623163656237636639623235373436386565663462653936623431636436
33303238333132643564313164366466636463366563316434333636326664346131313762353361
63376336353633343065383935613630346661653738663864653961396261313136363131636437
34373734643835663439323966353932303638623765313262366335366239396161623230313835
64316261346537363665373734363663626566366362646565396261323433616434393463336635
64646664303031323631626435626435643163353137346563366134326364326538353131626163
39613261376338303766303839653162313030356361643863613161326334666262643530616261
38323338343535353764343237306632356337373038346339363332353861336564386634333134
64326333326665333635326463653038333261366666363766323864333439326332313566313134
65306238316662373632343831343764643938633434613931646635633263656538313030363163
39643033646362346665396432343863333562346437376266636266376335633066643634373236
65656462343030636530323537623039633331623732396532383063636136386266373437613935
32306533663739366264323530623935366366306232373761663633373536356235396136343866
35613130303266346462623930323832326462343563373161653963343163616339626132633962
32653136636632376437313362373835356138303663623961633339336332343432306562323035
34663538353337633963623466313238646530623430326630353938636563613636396436306362
35393730623463646263343539353161383461396466363862333862316162643934346137313434
34316266396139336531373237656335376333643263623366326565343934316464343531396238
65323738626438346336363661643065633831366135343166613331336633323430353137376135
31613731653365643165383932643962333465383161633830333263363433343433643337333436
32346136633736353237613939303031656531303063633533343235623061396464346564633735
33323136306462396365656461383464633037333735313961656231376438396135653737313334
61653336303331616431313563663133366463316431376231353730363436306162326130306465
35393763326130643365396362383138326232653663386164656566313832353339333134326335
39303931656364373239356536643831636230643831356362363635323734633732663533653733
34393661343831633133663231396132623930383439373936653934333734616637363530323062
66396438376633623165653832366663313038636366643636373139613361333039393038663361
37643434653164303338636439666336306234393932373533653662613062303164623437663761
33626239336531366566643834663864373530396637383737353361313066643239333762376163
33363137353463333737613835366166353638326535323866386432663235336232366635653933
63356261643065316236333939303932323035376439336335663561366337643235373830636262
36396630653466363363383730303430646166346137303531306136323564383230316239653936
33333439366238333639616131353162653131616430326164373638326633393739326163356365
65353736396635386262626337633139366439386665633032313635653631363637313530393362
63316564316362663561643630653931353432353263646164646236383766363239303439626539
64656232316430323036333630396361353335323766396266336461353632333265316361323338
33313532653034643039643036613462346566343832373333393862356638373034613962633261
31613030313834633436
