$ANSIBLE_VAULT;1.1;AES256
36636331323363643032323165373361323030353231313364373464623163373163656330646239
6232363539623630623936393765666337636366663330310a393334636261363336383537323939
38613837633435343537646438393165343462353764623139333165396363356466366638313938
6635396238323565370a376138326633316633326162393936356138643636623366623663333536
35366538313534623238336438666237303335616665623830623166663165663963626530363030
32663161623365386161356361653538323565623737363563613164326539383263336230316437
64346163613465366465316334323532613262643466333161323466653535333039306536623130
38656231353436636634653034303066626236303236346131663339373432393165373366663337
66613230373936346265303766666331653937356137643664353765653863646434386566356338
30653566383436656637323065386333636531353538376335653665393339626662323362626461
39343131383039373333643035366238656461633833323337306338356464616466336232376263
64656164663531626331383339316232326139643634616465666237333838333731353064366637
66303033333361336266363131363433306631353565653664343934346365356137326430613233
62653432623137373735366661333934363737656162373330396163353538333931623539653231
32303663636566373732613839616432313331383962353832666538386261386161616635653934
36306238306335653966653530653334653263306336643735663035353761333834636332643238
31303534343861666366663935356330633066356365333734643066623732636336303336653666
64366261666436393331383034346437316464373666616130306563346432306433633539383635
35386265306439313930383431373236356432653230623039303131363663613332643061623865
32306331346364373734346635373139653432383264316634666234396462366138633435343462
64366132326337333163386236626431636636633263393831323432623035626263383434376532
32643466393864666239626438626463383961376534393166366466373937643431663461316636
36636137396238353433663838313734316136653532386664326266386165386637313630326631
37643933653531656264326662356662666631633435336237613139623165633965666237346266
36313062643138636563306131353030306535333666313265333266306462333338653939653930
64653936656232376436316136653338316138613263396164333430323266343238356430333631
38333538343161643338376633353664636337653132336537303137336239333135616639356166
34316161343262373230313635376632326439393865663931363637646136383363653234626433
33613038643731646236353466343438643735623638633733616230663936386139663131656463
64636466623264323234336133303561373736663065333165396537383130623966363864303639
66316666653430303636636161313361656162396666376633323461313766383331373066393463
37383230386138623564396164343063393036303164343161663465316632383762306532353736
35643863656133323234373731366237396332666161616638323530613334656533316330326138
63313631626531666430663865356466353165396539383935653031396266386638333931613165
37316234366138663563333563356436643462643338653266346162393236643735393730353131
65366138376237636137653839663965323931653535363037303161643436636465326230313863
31326165383166656138613831353530303732376237626135376138313462363035343034373731
31366136333434386434656463376339666264363133313436646261636234323866626564306562
34316561303035613863303337363738323865353665373365363462363663643564383165366531
33376366613733326436626332306463333961396438633764653262633864333935623030656163
38643662393836663432643936623063393066356365393361643766653737313530353534636563
31326563336536643363626462396332363437326332346563333737663663393333396563616332
38303564386366653230346136313465306531613134336536376137623731313133623733663834
66353733333165613433386364353133653461383932633230396663646432653938383232333561
30623935353863363537613631613765313932666236353166663663623037633735316164633531
33633339613266343762623864633436366666356663306264653730316433333563313162666533
356337373839326438323135643062663162
