$ANSIBLE_VAULT;1.1;AES256
63306362316365333135396566386530623835333262386463333563616139653365663839333834
3963636633393164653333323065316665646232666565300a643734653935306335666634633235
39363834333030303936633663326466393739363264646131306235366230626233353239636132
6265396332386566650a343334343462353264326165396462653765356630663263653536616364
35353531376638643631636236623332626133643334326633653134306366303936646435303465
62323661373032313830363861656265353463613363353832663130663563653865663139636563
34313636643366376635396230633637316538353239393437363030366534323439353935623939
37633261383864373634623462643139386464356561373861323233353963653962316464313532
36383538303933386563623831623833656237346134313936656634626261626139323864626562
34633463623761366338316332636261666565396630626333376637336237303337303135663862
36373561633630663036393661666664386465366333613162623132643732663063323238363866
62356235653937643064653130386530373939323838383836633932643231356664663339313830
30353432623736393239363536633762656435383338653962346531333935343137316265653734
36383238336234316365393264633962646366393932363863383835383934323432383230333963
66326164363365353137613536663836333365653434306366643936303632363337386137373138
64356334383766386664393035646562383031373861363535336133303564626335653738393065
39613030326430316434383362616163633233613531373162613833373064336464326161653565
63313465623464383837323630353438353964666635343934376136313033663133393165626266
62613832373566313038363233643535323032343562653439303762636430646238306230373032
31373438633562613963343266356438336333373465393835373337393333313434353461363039
62393436343365323735383434666436626332303731323638343432366435333335656139343939
61363365626431366634396431353331386137663666366531616261323566626334373835373164
64386666626465386134626263306436353863313139643838306262303234643738386133646234
61666534396565383030616234323963376339666334636362663335646666376231303037336334
66336364333461303538653436613331653463326166303433623166333764643232343664353636
36633939323031613466396230323562316461613333376534363366323132303238636139353666
39383761656432353638616536363738303136396663656132363166653461316338643237396436
63306266363161373932643535303437613737336435613238393064383337383631616533383937
30653338663738343765383335393363353735393632366230303738383061343531353961326431
64353061623739333436373130333435353561313034613565663732613431346462336366366330
61396133636437643235643330656238616434633938643936356232663062626634333033356664
35363134646631653334313832316564643431616435656364656463316466306330653839626536
30373333633264633761303337373430643433373531333935623038313062393736316263323864
65353838646464343633316364366434663037353762393966663432643937383563393739373034
33666635386135313266326230356530306633643931393936363534333336643062373131643432
61333763643633623534333437393939386463666335356661386134643764333437316134633265
35343630353162363034623833613162366239353239323732363637653334396439333135353162
38333464636462653664656462393632636662313564636130653133623464323364343161333631
32623039663332626361323438303766313463646634346565613864333532653338383864303334
32323163373934656130326632303465396636366238346263323761343535383964373161306235
30303435643433643361303432386138313764343764313339363362323664313734666539623230
64333637323065373138616233353230353164336235613736376137613739613035373339323966
36366663373733363166376530613035643031306266666535303439383364623466656434373339
39646662393163316638626265383032616633633261663062613834316138383539303832313262
65373264343039356430353030373336646162373332343061376139616336333231383834643964
62646439623162363339333066383636626363633935313835363632376365643233303165386630
386135646133393533356565313830353965
