$ANSIBLE_VAULT;1.1;AES256
62623930303434323638323064653262636131333435393333363266613438663262376362303732
6134303765616162326661666133383461376231656465340a343834663262653934613561393764
62383365306430313134313131366131653538383463393932643639306335353761323661343935
6662333136663138350a316139363837343133623235646266613437336436383661303465366434
66656637653930343031363739376539623431363536366163643262393366656131343764343532
66363137336230326433363230363463303432623364353735333738633439336665366361353362
61333133373463343833643330303065373732303938643562643132336336353730373232616334
33316639303165643432613737656661303231633064663930313264646535346665363866363538
35623665623834343831333331643265316136373565613962373630303534326134326639396238
61396234626166343866663932333439613564393763343166363634363361343263663665366530
33313937366532323934343039393265663466333663643630633663356563613235303239666438
61363361613836373731363334373037343333613432616465356561396331666335373737343062
64653862646563373239326132643438663831363665383930336263663133636566356263656331
63343161643338343164336330363363356666303539373164303666393132656261366664643466
65666565353030306538363963393934303531376162646666663731663233386361376664613234
36616363663734386362393265383531383732623532386530626164656638393436316232643961
61613236343631383134343363653032626231313265303338323939306363306364623062613731
64376365343339363464666436663430336137396361346265323937653163323336626566656132
65386233613861353237396336656338366665333862336638666262313335376264313862323662
66346166363630336234383763306634363766643332356664653838636630356433636338663933
35613431313263616536353430633666653730346461353631636431343561303534666631346463
34313262343639656437303733636339353735616336363438326239363032623532313233316438
33303733356234636231343030326437373430363835623062343761376265363962636236636432
37613734306261623438373839613362303634373735356233386161326635333134313264393064
36663734613835656530376262643030643334386566626136383761643936353666663032373436
32616430633934396434386233616536396634306165336634306230613432373133353265363634
64303937646331373139323063313864336366366462316462303538373765326231653634393462
38626264366334346464303266366230383862646137383461383634333135386563643532646161
63633031373665346364303134626433326438636537373536303934653534393736623934613566
61303732303738346130643036353339303932663534376130656366643130373563353932656666
66666139346262346535393633613035396331383865333930663838376637356232373035386232
38313634313738383338613334356664656131663961613433623664623064313631666464653464
61363562343636363934626134653261383661316134656137376433373364626538346238306233
64623261386263653231623031323237313738306166396637653165333535623032313566356530
39616239396634666130393838316263626636353862373262633237616633623934633630346233
34386533353665366533343731613861613337313435663964613566326437626430326434646539
64326466616266343066393937626635373538363265666336303464393337333663643463326534
30336662396663376135306638303436666362666635373334333335316232613331636635613034
63373335363738326163666665313164626539383731666639356633633032303463353165633366
32373530623736366361616163346561666635613233633136393039656330343135653535356230
33653961376566353932383562303937386365663130323735366265333235353564346161353636
37313637623063653061643539353933353366333561366333636537633037663638623734313636
35316432353734633434383931633736303838343434303839373964363232653836363034656166
62323961393436353032306139643431303966326336323735653238386433353264386565636137
65343266343935653166303930353537333661623638316431636639343434333031326131353430
66613833363638363031343162363530393638316365353037656564396335346663363964343934
383639363261366262623364353837316162
