$ANSIBLE_VAULT;1.1;AES256
34346661366363373538643031663666356362303462303766613136663438323962623062373030
3832376539623130323565666537346361333461393830330a373961356364303831633131623436
37313563663464336262306337313861393666373433643262633163393266363130643661373335
3665633866653635350a393833346235393033333535653765383766333232366338636565396337
31333030306238363066373538656564376137316632633734333134626237326663373334356532
39633361313136353564666136633135316663666238643334393431626636633965306130396662
61396266616365346236376465333131663365616331636661396431383761323633663332656138
31663161616633643037396134636136323632616562353338393762646638323836386366346366
36366334333639326361356531396634313139376432626537343739303737343961663566373263
65643530313263393330643866336561613033643439636530356133616535613061356532373466
63643038653331643338323064373264666239306336343433623065646432323633346333633365
37653030393666653530386234316339353331363662643134303032323363653231323035313538
36623266373063663161646235653664323164386134653830393463663962383533363137343663
37613531313932386432363838623932396131363164303338616637393064636435663531323364
65373235646339333339643065393137636661636361613337396336653035643737313866313662
39653863303930356665363866613465623635366634616461393965653231346534333065663839
39366339306263393062626164653763376665613736343834636532313161356266643236616265
38303034653433303737336633643665353530653235643138393739643364333063376162626532
39313961643264303061363939616332363532633834396462643833633131633865373232316536
65643036356364366131653932653936356363333633326333613630396330363036616665653164
64376366326662383232373539386363313564633165653962623238336663356664663239646565
33633464353735393135613862313537363961313837356238613164313530616566373339633839
66356135643765643036376162356430303638393936636135366336653762626137336438663931
32343731383730383930633263643061643839313430393962643633633761373534633065646362
33366235616463656237616365633863626531653162623561666237646238623433303661373966
32353436366564353637326138313766373435383761383235323763356562613030313766303066
38613037303636643631386163653161336534303266633735396630316365613232633838313338
64336438393961613632336138656434643234373738366332353664633939363131313535326562
61346435613032366237373538363633393330303233383130313065623362663836336664383337
38353565626239353633313861666632386631623833363433363235343066646331333630323038
65663864653231643561313638616366616537303338323039646134373362346237353063376235
35623337316334363963666565613035383630323733303665366561653536646438646533643239
35303035623938313565343236346636323839626137643932643532323866343835656337306266
62323032343062633934626566343465323933373765313766613962333766626435633931663631
36656531376135613234646630323836656330343930336630636431353739616436623535623064
31363933613166346435316139656363303164363665386662363933323332383061623830396337
39363336343561643137363430613262663462613961303334633563326235336466643566663435
35633139616566623136633966346538626138313236616434653332386538643737333436633464
35366334656665323134386535386262336631343538396663653465396663346434393333353238
30306431393664333533623633343666633666613865383130393531363164383431343863313736
32333566626665663035646165376134633161373465383239633463646661306565643761313266
37663732383239613139656432356132303761333363643334656466346537346362666666633264
34396364373235653338326238316438313832613531653331303532396532386262643235336463
37623863323434343738356533363337353938326563613639336336613735303130343962326234
33326230653963343434623432646666633732623565613031363764343866663135343730343930
66393336396433653731336435333064383763343263396562373162363438383330653965633861
35613836303061623837393437643465336163613231326236616230393533376264363463333737
62353261623233323265
