$ANSIBLE_VAULT;1.1;AES256
66383739353337313865643461663761663134666332313731386638653463323134396163613238
3138313832343930346263613231616565383935613834360a336564313064646366323966316164
32336362623331323362636435623963323561313531316436646336633135326331343639353637
3338343966343439610a363961633061303233313933313137373265333131323237616664346264
61643533366164393962636236363765313064383361306662393164613739386633356163643739
35333637316538626665643739626262303939663437376262653766376532643037353235316533
37346430653232656266316232383438616139353036383764393163653635653730346666383463
66363463623930626363353433313264333532666331373462646538316333623338656462363135
62306564343465636461386437386262613731373666373261316138306162343365623262303965
31313532666530393230616436626662373431356632663162383565356232396666306238663332
63393735623363373438316465353532393365643135613063383061363739366464346561636664
33666533636637333934613037363537666532636338663430363437323761333138633065303566
34323934336565376630366662383531353431623361366136376662316562376336323263303864
37656461383065666564336436343337343631643666303434393765323030646334323134646137
61363139663735306137373838313933376264316263386263383437323930396434646132363135
35396166656562616666376464663439666166666632366364623735653031366534383931646232
31393662386266353430333562643033626133373337386233613231636637613239666334636330
34386237396131373934613338643539373639623935343733313532653237656538303363633432
35323736376333383731303665313735626466336261626538336162653036633738386634376538
32613062396538363665363264336335363431303436633537613834326262363133646339633731
32323131373335343661343139366233373561386630383062643061663662653466626332353436
36646333363033643233346639316636363334646338393866663063396137636166386634316265
61666535616261376433326534626336636562633739666564653765646166346263316636383139
38313331616133663863616131373362626565383832336461633735653061303033373366386665
38636664616433323131613734303230643466316361656139356331323563623837376535363066
35363136383738346138333066623439346138383330313838366337396636656563643038313139
66326364616132393438343632383737633239663063373931613336316362353465653532336135
65393861323066613134363264633333306132643538353661333462356134336363633839663939
66363033636236353237663966636137643439666239363731316535653430343639386131323364
64646636313561636261623739383638303637376562303837653137663061363433393331333331
35396230653432613165306462363731383235356530666664646631333535336564356134383736
64383339623737373661663836383035643038313737313264636266353366373139353862613930
33663536323438303361373833393639313231393264626432326466313166393339643861626139
61356436383331386664643436633562353239646465636230303930356565333663313564633739
61656635343064616539643565383038346264353261643733333638336635393364616130353032
65383738643333376134646634666164373732663163303035663730383933383162653262393135
30643631376430353364396562646164313136363363363664393734656535653961646334306630
32366333653731313361313731343039363061313861306362323130376632303735303134613862
39343332643663303835623233393330396661646233373033623336336338656534626530336330
30303132646133386331396538373764393436306438633866613864393333343262373933643531
35643633363062663463363765626639323763623835306465643834653439333031376234363365
37666365346132363162623464353634653061396235313830666364336132383137323364636665
36393938326661663563383065323162313831366161663138316336353135316263313437323438
62623433313663343263376630303135636639373135623962373961306539386136353534373065
62306237656565383338353636333662326139626236343165386534323161386262363431313061
65653438653964626533303931636439343062376634323039643466383837306635373333316139
61333234353531383038656531353830636233383736343264363865336564316161306235346364
33313563663539613135643730306532346332393361656261313162363738316438323061626538
39363634366465666139313863343365646238613366376232616365333431393130393039653565
65646362343436356166353365636233303438323035333765383934366339376432663733303337
65633365626162333966643335326239383739653836396338393365353762333835383733383263
65313235303731646565356133333664653534613663663862653832306130626538323361373366
36636335373335353764306165383933353835323466636136383066666131636134626132643165
63393034336132396463663464623561663262656462303132636431616131356538303661333438
35663132626266336366316263666538333334373636616638313939353464383534626633613239
32633732333830353337386231396161313530373662343531373433623532363636396461383034
37346434663234623531663834353833646236666262333332633561613465646466306565643963
34636235383762613534366638383935623331353965323231376639323066366364636461376434
32363633323633313337616133326639323262366664313830333565343231373439346235363832
61363437373337613861616335666161666531316134363434303165343737323631363730306234
38366439633537356135376539396361663536636166643030323063663666616332343661343763
38366264363964653436633363383465633031326536613133653937363664336632323966333938
65323234326165666261393639353137336462373436326465353435663965303639656462636639
30616165333532663963306463643165396266343739663264643231333539373034656164323465
33336130323864633166323632653235353933616634626537343839343564396630656163616337
32383562646333666435386631386235336330613332336663643439326266653031653433376337
34663939366565623365343336656362663464626435393732346165353061333936613039646538
38656331336439666232663464343361316130363364383364633138646231363634373362336334
65333662303937663735633237653138356230346365313330373235613034336264653562346266
32353866386333303537623763356430626465663831653637393461376239343666393837373162
35623764656330626636646164353736346238333463366662666164613735303565383132343931
33313038306465376665636634383065306161373363393261346236633863396533666538363332
61646530653064386332346663646233653330656235393538663834336135353962616233323630
34626532623965353933323161313333363439303931386565626532623338323062383130633861
64626337313064376239373731613262636134343237306139383130373735623834376534376231
30383366303935316463366433376331616437326564303731383761633533663036343862613466
62366661313130343735373466323730373162336431336365666362303938343236613765363334
64613434306137396137613437316366343839313534653431633735363436326436616232333966
39643231303938623066373235663333353262376365623263656332616466303038326635343331
37633265653964356639643863303834393339333131393961343539313137343635653761626430
33323330626636633939336231646139623937383461666135653533353630383861653731383164
61613031616532376133313237393265313139353265353366666366376162363632663531326532
63663630343930343931316236333663323961653863643466336137626232303434366434356537
32663464343266626165326263343035393465643466373239373161366239376237376138313538
30316435386566356233343134663931343330666136383463326631316238666434376363616437
63343430366261323166653763313430316662656637333161363035333666343937313361656239
63313231666364373237643061653262373736366563613261666236663031366437616136626230
33663632303436663138373063363033653530356365353939313336323335316638343764386565
36633536643263646433653530306331643635326437633132376536663133623338616537313362
30613264333938333231323234316336306638333530306466323863326138623037383433313533
39646430643830636532623065396234353261376338643237663033616661376466316166646335
33663261643331336134666466633333313239303139633531393466346461393566616536346161
38623565613335396538653437636639393536373031333332393466623439313861663631393231
63313033393138633963623861643439343933313432633866666562623162336137356339323030
62663032366639386665626538396566633933643637653139373236346666626238363036333562
64353135343135626564386535623137376532643238653137646637303266623863356663623661
64646331323134656162613862363564613633653930636134386262373762306333643638653566
61663639333939643232646266353735393434323639303730613764643561333737663335363430
37643562326139616433393863626139303565343538313731646132633563636165303236386533
62356339656338353061316130356430613163623137363038623464373666383232636164346465
32396365656163643565326263663061646263383339663736343330633034303365383863363636
66656435653838336233393231643730356631646166366164663265316439343835326330326532
33663536613130363763663030353465616639633438363462323261633933356430646366643039
30643836373132326132373034366432336635636461376531356264623963343165393663353935
66323762326362306462356438396133376438326332393739646531346230356564303633656230
61323137383438363864373362633733623538643039373132313434663032666634366636373366
35376264393065613036396538616465383838336130323565343733373963646136323265623039
36633434376332383662386231646531396362316530363161633763393630663162323230636334
62336632353361656463313632306336346639383339623066353338326564316264356432643835
66353166653461656363663234303832636430316534343765333136373865616636393432393339
30633361613535623935336263626435646139323464356339303865333536373833326238356335
65663334383861306165383337303237306136616238303639626266613137636130303635336334
61623635363635373230626634643334393762303862323838653162383830326163376265663563
32393533306238383239373835613438623735663462326133633633393964323463666365616430
30316265646235343439313937383936386532356335386632336238323030643965303365636132
32306266353230343764323161346238323364636439383537646665346165333830343634343561
63656236326635623031376636326431336162353437306364666432646262363935623232323361
37386235616566656639353339663564656166373364386435626133343836303139666139333833
61393431373638386431336431613761646335633164616435663138653238376561666239333436
66636635313931316138666134653031643964346130356163373931333662373963613738623935
66613833626338396363613235363337386634313736396163613736393038396339636333313264
35333731396363363961333965616263616534363531343064646533326331396631333637356533
39626662356133646434616366346361366135626239663864396264393366366335616463313634
64303864653737343731393138346338346534353063303563356639393332343135626539666135
66386532356434363433376433643335303136323338633365633936613236323635333836613336
63353332383866343034313232396263336163353032306162376462623531353134336562353439
30623965643332653538393331343632333033613433363839643632643639336266636536613031
30343133346139313835636431316135653539663031366634633035363734633765383139313032
33666462366263653333623631323261633737363935633437663937343734323062376463376164
65623632373666646135333463373936353765333336353336663430343230666634643161663634
66653663326131366332336463316234613535336363313838643838613964663963623532643039
62316261326437373333346634303161333736646462383338613436636262643938626538316463
39363537383064626637366365363066353630626163623461383132393531653966363432633239
35313630653130306230316432313735666263643032343436366666333063623233643861323264
35393632393432323333633131306133666239356162343965386339333763373964336263323232
37393733346337663632333139633662343238363836353365383132333834383861343762343236
64346531303533613432316330336361303161343435313533663534373336636131306564326162
66646136386437303534313861353833323235626461663563393132323038623231303766636464
37633230323437626131346538386539333265623362373463653939303064636431663562343664
66633837663764383365376466386331623636323838313431323639313061323931386430363930
35616261343464613562643762303738663830353165366237633031306634653931376532373534
35363064663232393466623738343338656262323163343163366630353731386236663533323936
31613563666163626235323232343530346134646334626337653232323136656264373662373362
62313232386462386465666534346563363434616663376539663031313135353762316630643963
64636332643465643131376337643235636432646265333838383165346433353133636261373164
37666466373536346232626635653032373632383363396332643261656662656362363663316334
36613238356437303833663363376131303339316130666261613161623366643435366533303235
65336535626165663439643263313738636162326535613039366631313132653332346563653030
66393031613936636339353164313338306635626535643639646266666139653465356433373236
66356363663935393162616363323837356461343165353738356339303361386233356438353566
37393738313832323339643962623865306431333735653462393738643666633831626535663665
32383637646539343635333136616163623930366239333139636664356339636636636230363736
66343832343261383930626164663362333362663261383730626435353130656465303839623639
39353165306563316264383030343431626561336161343331366537393730653163663135303438
36366136333337333334653762353262626233306331643363643234373136636130353562303436
39643063663966636662623033623339653063363634303862306561326234303734353166363339
32646637363862326333316461383764333832623764363234626661623666613434386331626434
39353932313465356466353063373464336532376439343530643136383330663763383238383936
66393231363834383964356462346563333731666265363134326466643166383438363062666130
66646262336131353939643662396330613634353764633465326534646662636438343836306531
32373038663738346162373133663738393039373063613837376331323061616231393835666139
32646132306433353263303863303635346664313335333261636339323865343565316165356661
66623132343336336661313631313336626134333263626165363430643562313666313761363564
36313631326137356332633530323162323562336131353031333730663630386361316430383563
38313930643264396431666535376661613763666562376533623237353630396563653266643961
64626362383066613134656536393963646166386639396366343731306562643330313366376636
30616263383139303836386662336234343532386266313235363562373262316163393663333565
31393836393562366662346662393564323465316231393937666437353566393864396161303865
35396532376133313765343337616164383065643836643361633830313830353061373734333465
62643033346534323865353562386232396664646531306139313063653238313865323836363830
32373439326139653834636533303137356464383231663434323134306666646130623738376439
34366634393662633765613731636530346266663161306232336236343137363032373237343263
62323035353039353936396231323633386430316533636232396435343963623039663331376334
30333463303630663063396533623065326238303631326332623537303931663166333665646436
66366539353734396162636166323339396632613530343862376263373434326133363937303166
61323266613138363938323337323736316665666465653564346533373631323164313433646163
65613634383733313630343231306539663133623464363738303739336539383365313030313836
30323739633535656131363761393832343535393136653031303930393463393333633732323666
35366636316363396361306536386331336236613863343133313461346165653431396134336361
34336535353062333030626130346361323732623434636430643031623165636534653735663766
66643535626236376565663530636562623363656265653932396566306337633165386438653735
34663565633933353262663761343465616133643364393335633831623137393662363837386331
61356366343533373131633764366538636438663734336464373835373232343838646264613233
66303338363338306232616533643462656139633863323036666361396631653565656364643237
66626439356433336263306533393831383331646664363866373565316332343662363663623362
39323534626536376265303461326339353663316234626564303433343461343961346635333332
38333363633062333836663839396236613535356434303266643261613232613864643339333630
64633565313865613434633834666234623264376337363734303537633333396439323336633136
66353465633964303433333637656538646565623231663639616436373234386365663538666435
37633532383030643235633164386434343931623935326666653136636334306465373938393931
31313662633736356134613837613361373964653836323763316236646163383765353465376130
33653663326265663161623162323237333237633037316261376535633462386336623965346532
31343632386162383033656530393131666638323830633765643233393831313438353037623230
37326663303539653464303264346563313635633837653265323135626665343766623638633864
38313163383062366564313532396662376566306436623635656431323239646564356464656332
34616137663330373933636364613763646162653837303434396136343032373765353964393965
33363733636236386131306133373430623464656439336231633964663838613664613166326564
33303664343662366433653732346232326636323136386661313339313437366565326130333533
63656462353961376565326439663236343531333731363838393865386634386132383866666366
66333164396330353736343835633766346637656436653737393538663931626361636637313639
38366632616238623830383361346539333431343639363063623836373761613864386130343662
66643137303763373234646131663465313333623561336463656561393765633062376533356337
37303930613062623539363563616138616232663865656238373561643134393734373530636463
37373738386263633130323038306431373734363835356332316661333761323630333031363439
63373334646531303066373262346662396164633736356163376233343738643462643766663636
65626334613665333933363663663130663665313363386462343638393136343530383861363339
62383239363735363536336639366363393839616566633231336339353734616233363537316265
37346163336639376366383931333764376437366138633330363131613430616630346638303738
66356232656337633830396136343232336433616262343931666665393063336232626466336234
31353435636266343337353938666434353734303032353563383735316561363736313965633236
34316331393861626161353834313365396635636332323930643531306239633135396136333366
36626534346530333236656432623036306638326131333633626133356337633863333339616664
36666337646465343333306165303331313434343434636161663063346436333037663461613337
33366638613033376330393639343965353334343638343238396166313838653637303233626361
35613065643032616561646665646438333932653238326634306238313863653464366639643963
63376634373039663863643464383538366366393637383461383333383639393165343465333938
39663730636539353939306262363634393466626463313763613163663639363037303732396265
31643830393638383465373938303762346665373062356666626462313162343663653134656635
36626366386638646335383130393664646434623261303637303936666430616238616362656366
37356335656139376364303630633164383033663734363031393135386130653732373139656330
32356136383866396563336463346264343461316565353837653561333964303433353165643363
34373064306536643330616333343837323462383464353731656233663866643266666233346330
39653361363132656335666436333737633264336539333538613131656233616362643835303363
31316535373361343236653235643066313561386636633664373864616137636366366537383863
31306664656266326431356163623636313230666466383064653834333365313966386339383530
36396564373566333436393261346435356539383266376638643636393366323966343562366432
39333934383239343739383364646537323339376639376138346164363839623138646632366534
35656263643731323534316633656462636132303333386661653435323466626164306439356234
62623165653961326533336365306137613038656234616137613734623934656437666336393732
66316463313061393862643136663039363861303061366363373265643161386131303965646635
62313030333333643064663934626431626336386332343737343639376462623830343437663934
61666461323761393531343630363139383737313034323432636565653439636166623034616337
62336632326533353466613936636431663335613935613666383462636436373761643332336337
61303830346461633035626661336264356232333938643139376134316166303934333361343666
37633630343765626166323362626239666634333434373565323563323636393237303639643965
36316530316138393064346536356132356233643834656665333437393166303663363936653639
38363466653832613562383737616461356365323032656637336636323937373165666562643936
31393133633232663832646535336339623235373831616438633839666537306635303265323363
33373233316364613062666233656237356566386632383737613436303064643533303235666562
66663562303964303339666233313633326562363164393865363530383535373232393530303537
38313565306230383834336538353732336463346531626134626465646638323832616564643638
31353939303763343530346665653464386334643933366135353739666566383565643435643331
30323732333261353339313135326630663831316565633037333230316136363566323234383835
39633262656330656534306337636334326233303136383633663863666163663666323737353963
35633136363632613730666332306535396164336637383561333233373966356134353761356138
64336339653866373833323739316534316365653666373036656332316564306239343062303735
32303863633534393332623332663562313235393032383133613531393939333436626665636462
38303334343632343135623639383136363030653431656162356461383936636132653262326138
33643833343438346431396131306636656265353562383461653036303661343534343935353634
38646165303466656635613934653330306566356138393030666335633937626463663737396333
37363065633465633366333565663035313536376264393338363061656236373037663033323262
66383232363136363462396235363231373465306137613939393562653935643231343031636132
65383630666162663363623834663866386637376365313332336634366463333661316432356163
37323737393462303137616432653564366439376237376562666139646434383834326134313131
35373339613261613861326362376561336232373165343739333662623863316537366365333738
63353037646431633166
