$ANSIBLE_VAULT;1.1;AES256
61323265313939613938353862313963363037336139666233663432336363633437613436306136
6266643131373837326137303466363532356435383732620a373565376137636137343038643863
36303062353535346237306161383362373635386434383766663338613034396565393236353738
3131613135653766300a623366353038636537396434663666656439363264613833386661306538
66373139303935303935323362313163663961316639626138376132613938623864666563663562
61616562636131333433356339383739313439313734313062393032646233343563376665393030
34353431326337633162346535626462653465323033376363656637633839363434636563323662
32633161386432303763316166326139323961323532346532623837613934303266653436333537
32386161393164313764333639343865353162343530663438346365303538653966616637636164
33653337323430343065306336626566326332363234303136316566653234313835386438353838
30616533643631383762366534383133376136303963633839383334633231373038663838346130
30333839373731323535653731666664376232336237656231386464376237373230323634346236
63353162613134336564653431363134313439316535623464323030353132396438633638643139
34303030336635653536626264363364356361356633373535666165363836333334386138623730
35636464623437643864663335646131616666393938656665326131303865623535376163356236
33633165353261333366646637633063616337346530653430646233653439333365306534386362
61333862623261373839636363363462353364313333323561363866656339633866653433613538
30366535383638326233363763393435613762623435393136343736376333666261323066633733
65313238353563373932386464633137666462366232333466656366643135313635393466386536
61343965323962303136663464343832303935373265323562396231353530353330653539633361
34646538323030356134303265646663316332363139336633376463626166363366376661663635
64323335393535616565356335353036366562333836356535386533616335376433393365666162
61376465393863313663623762306533653237393738653663656339303335623333613935626163
63643864343739613631313265306466333530366264333731336435313063643264623030663966
38626238383635376537313936643962626466356139613132386136363933356437386636356164
62633665623362666338333262323835666361326234316338633439303330363163316665613437
34306338326332633234663764633933343338316266626163343466393639313537326330656537
31303430396465353338336537373832616339303765663335323561643238636238656161373564
39363863643339616637396437656232343630323637373734353965663135626432663533633064
62386364363637633235336130616466653330626163666136326237383362333435313835656663
37623861363439353631343030323266613431663539386237376437343334326664303130363735
34356337396164363266366437646464363861383361636463353332393162653335386234386630
32353066376134633531656662643233373639303233396631343562373761343037666363316333
32633133366665623132323565616166316539626535623830636530636437333337343133343633
36353464333235616537633864336339303333363937356133653133333765316265393538363533
62303063383163663536383332363561383336633537616563333939313536393930323334323131
66666562313932303430653835396138613033316233353834333062616432326631373032346537
34383664623033623662316531363535393434313235626536316536373265623434383234343566
39393065623765376466336163326632633966343734373662386133346337376637306366373566
61633638323839366531653664353032373631643533356133326166336634353865313732356538
36336363663965363833656163356465373236653764393337633233383166333637626632316137
33626439353039663063333265373836306537326537613537656664643036343663613738313436
65343762663430663339646230363264623435616136373235646435323063356538653538366437
32333163393638316462313138633764376331356461613538643764633164306234633130303563
64306532326162626634373664366535316135376664336264646533356265366561616262363634
31383337393964636264386161316366323939393464383161653965646236653961383439336235
32386366393836623431316635663063626438343833353964613564303461353166326638376631
65366133303062366461313161643730666162383531306438613963353339646266323636656139
66313136373636373731343135303063313634386162336461623764663462366238326530323833
38316230663066333436626561653538393539373931366366653165383436393966613233636266
39363862663261636339306631386339366331386266303537343239646439393235646161653864
34383366356232656234373834393736396362346638313638333934636136336638616532643637
61333166353133373765356130613530646435613537323966316464343165633533323234393736
61343238393937303365646630623834373637613465316438393633333335356263333337646462
64346365666438623562303330383664366430363033313962376166333064616563653530653766
65356539303332396534663963653236363338336131333266326666326162646438666433613165
37386563323463363932386437346537363931353935313534393965326336306437643062383932
31613866303232656139383262636461396663373230333832643363366639653335303462633737
61383934663431363332643031613535333666326338313334626565343330313436346661623262
38306663393030343864356536636231646461333461303737653232663663386233396362343937
35306262656236336661373663333431666634386665636366303264346434383034386230386232
31393463613266326166633131323338393333613034333132386339633832356364653634623065
62643438343461643133616233373463363934376165393463366666626531643238623965393963
33326632666237666335663365366430383734626138373765383837316132376534313164616631
63303837393830396131653363613864316164363033666563353136643236613264643139663764
34653832303339353836666335646431626239316265616664656330663535623538616261383632
33666134393735303936336637636563643866623063313436373639666163363737656133353733
65303436306439613264663639373836373739633864623462623537323664346634303339396433
61653834636661383632363431316562633765646164323832313135303636313766333464663833
34383733366133633236353233613839336263323731623963333436666335633361383736393661
38326539376436613838653563366365623165316265333337646334343339306237366437313965
65663163353634633163313833663636376632383830643962393663653730333537623539396664
65653866336635633335376537343763306532636435346335663265366230386138353637623963
34623132386263333463303135323964316139613834643034353634346135323932316435643331
33326337363634333863323434316136386239353335323437386337396333316130633433666636
61336639316231623630353638396537353865363565323963316466666665383835336165636661
65383265616562353135626635653565383766363438626463316436343338633230363334653364
32646534313062366463343731643464653130333766373766653333333866633836336362376464
32363665326331333337303262613134316662613833636132646436343962626532346662396537
62306263633561663864383535396433633235616331346138333261643939346265623664346438
62376631633437633334643532323366656539323138306534346166316363373161633465663064
61353164313536353839303732336161363238396434666536363431653131366237303337343663
38373833393465653366626166653630326334646231646366396530666235306464326130316339
32376434646563386163353365613764353637636462626130643963333666363065316138383861
37643965643165323464336233373766646538343333396239376534353766393135346337623530
33633535616662376263313439386435333162623266653065373031366631366639323736356634
37326131303563353032346637313537313437616162646433366336626663363235353830393661
62616537636436396138303864636530356462393366626234643939663863636334386662386162
36323139646363313236373737323533316637636263336565363834323536626166363939366533
61393563323463363466613661313337353662643966613030386164653965636335346231653166
36386136353832666663363439383937303934663937333961396661393132386639393763653661
31313661653230613034616465396534303332316639386537356361646330353731356664636135
39303733303830623432626434373364303961313762306330643532666665303364346565363937
65623637383933613435366536373666346563343239373538333061613737613637393266363831
33363538353931376631383331653131626233653164333865656532336464326665646632326166
39353932333565353366323634313365613631303361656365303161393664366538663763636135
61643666653332373862636462363834343231666463386236383366363362666666396634643232
32663732363536323935343163636366396537636535323939373961383836316332393537353930
38633261373563653637313164626364623462373764336561383364626564393434326564363836
31663633636336396333343331323531333663353432643435646432393438336134333833303164
32343432663137353035626638306230666136633637616263613365303266376564323833623835
32633030636231373836383861363265373935623933393434653262373834303434343438663663
66366432303138366330326437643333633061663135323561323634383061656438336563626661
64646634353064633237316631343634353631633832306132663761623561333264616666346564
35346137363232326432346431353963323238313330616232306666643663663363323864323036
31666133363938316136636563343762363132366263653962656164346438353161323832333661
36373039336234663133376137333566626430303738326133353837353765363936616166643133
65636362373333373866303235393765303937633336333034333761613863363230356266346363
62653737383234366364306238623230333534336463393336613130386635313266643931623833
62626438313534663164356237326666366134386535383136303161313133363362663436333065
39313464323534653231393534633934353236363432363062636462666631333033633966623631
65653536653061666662343131376531646235323062386536666137336233303064343636316135
35306661623438663131343462303964313964656232666231373937653663393431653433643433
62326563303238376438343734666165356638356539326262396363623730323534383930343461
31353731323337623466306130373930343433376530386533633931326561636338353565666135
65353831303435666637353562373638333230323063363732623663346463623435316362636561
62373565626138623938366266356439303961333564643634393365333530333962353465326236
39633461336133373064393835633439346533656563663830343235383964633538636163653439
30663930393132653565636339303636666364366132353862343330346464313762363230613536
63653339616235396535306138356239646130336365363439663730306361323235366538363865
35636439313463303930356665323834366130623765356537666666313030613839323134663430
62396533353631343266616431393238623639623765626335336139626533303630336465346131
30623262376430656135643636383538363133313333313035636439653630396663326466633962
38636334643438643834616239303365363566613261326636646264646261363231306335333165
62363633653063346239316436343464663834306562353639663232373464623335663931356332
65613836373131346138623262313662386262306263623563653736656130636430363665376661
34306335633761663332333032653333323332373762633739323233663338346565646138613161
39623132356232386530663163383533636665323437353934393934663865373132316264333236
36653431613536366534326135333431316539333837326336306235343261633634373832313165
39343931366339356463323238653231376330303262303762326132366130303932653334366565
30633861383138656462383963323338376637643761376564383665343661666236396165393933
64343734376335646633353930353630336137356664663863366662303931636439653532383738
31663431373962666165333439326536623234323365663261303863613563363965383066616366
64363933313637373935343834323466336631383731626263393764656561353434336434323763
32313766363931663439653064323930383461366230353233396361646638353536383037653234
31323839353363353234393961386635343032656232323234346264353832373666623765616262
37653363616432303732363732366434643238643534313066616563343035626335333266343662
36376263363438306264376335666266393333316430306536353534326361633234383763373834
65626339323435343234303730643064623437393364373334353937323632343763653135356461
64646336646565393138643863393366313135656562636366653834663164613762383436393738
37343334646335326638306661336134356637316139353336323861376233363432343163346135
39653838373238393532626566616164306539383332643561326564343763643738666534356439
61383832393663646365393230626563663762633033383263386363623635346666373332653061
63376161373163326465343939663838613934653239626163363664646265613439363161323064
62376561373835343439353930366664623263353565336165373965633237326333663638343535
38383363666639623664653335396639306461633533396462643265633332386632303430623364
64353936663031653361356663393834653233666564643138663132333762383461306634633365
38326336623430623432643634643336313334663632373265313161633466623937613239633663
64313437363666363065623665306335333463396535363363343266636436643166626232653065
34636162396431626136616236303730376337663630376666303434393333343663336338643964
64343732316235376163356138396665643737306462643531383538653863373335653361626137
30663037623432616263313462653531376162623136646236313332363931323135333337383131
39393936343366366437396364643837613662363465666435643331353938613532363166356438
65376537366233636632666631646538653839343461626636646136363032323931333835616464
65633232373762383366613832623861633962306462386535303865396361326533386564353830
62663933623930653464666565633965366165386334363965306561343735336464376134346635
30383366363962633437613036653861383433306536363363373832333533393462396263383061
66353261353630616331633131386636643235656365346437363264343663383133333364666133
31326139353765376432353639363233633161336436366233613933663639663636393732636663
33663562623631636563656135356664336130346435363038646635343265343838366339396464
34653666613036396439323332383939626136393232353966373833316561366633343363313730
38623130636632333034626230303834326639633734336334363766643939633965303161316161
34326361623938613336363865326163656237663638663633656539316233663436383132636435
37616138353332636434306166366334313666666636343438386666393030643137666538613866
39373333343734633431333434616565663539653531303663343131306630306338633638613533
62623663313364353336386663303333666463636366306564633663633035353438316566356330
65316363373265353334633861633965626135323039623664656332366334626230346131623031
36646366363333376135396333643366366434626234373030353838636362653962616330653534
37636531363132336562303037663635613264353330643236303964386338666533663736316135
64313531653063633539633430313765393664346266306336636564643933303830656164343838
62613163613565383265663165393561316634303034366664373333616562636166616135363730
36333361383432363236373333303134643831333966326265633532656633666436633236386533
62383239656466366239343834376138653538336336653038633336356536396364613732393336
37353166633536653762616561353938303234383265643963383161363536653035373737376162
65316635313039653461653362383738643939353032316538613539663331623961643266373732
39633139373333316233626536643838336532366630346263336135333937383535386635623039
32306335316338636130393165363664316539363062653935303565383232663431336233366439
36373564633138613932623735333232363565323738363064313330653965666336313037613463
39343264636134353231386563303834636163313864373062616133343861613232383539663235
64623732626638653039336333343064363138626639353534366639646239373637326461616566
31376266346162313962383737396338323931333732396663366563323162323066333133616233
64353963386466323336646639613237366139343661653533313134616265343738316564316438
61306634386233343236303933646166323331366565386663363562393435326131356561633035
37616161636235643164383534633937373166623336313964663264646637343166383134646235
34313663303231323138316663323934613665376430613631633264303732643630643731363633
37643135656531623666343330393663613665313337613133326566323339363633666463343838
65363262346163333039306330383663633266343439333933666438643865623665336633326663
30313663626463356264333231373539363936366161383766663235346264633661313635613936
35643265356666336266303932373935343531383632393737343762303661653639396431663233
34326461653238336266656138383838623138303432366638633834346531636334353364376136
63303563323863666663623836373364343666366465363265336234663334393938363835636239
31353532323131633538613961613762623233656132656339396437663135623238353734363933
39366162346533666339666163623438626465646162393935346436336336653031643961326666
31326139393130326434396432383539356533653230323463626531666139623338366231303134
62626433646237306136373038303064376133396537643037653663396138303164396261306230
63323631363835306232613835373332613534336235663066323533636436626665663766326164
32643964663161643232343063366530613035653236613261366435353534313232386238363231
61343363323765343263333234383163663962363363383337343732363539386461316263653431
36303434626632386261376466656563393964653233646531303437613830626263306663316465
62646239643534643737373061313931326165666663666234363165636135363430633661656134
39303538303139623631666361333461663139383165346139336338343731363663663433666463
38326665616233313239393664363165656564393765613663326266353036393133643061623133
39313965666536656631636230653763656532616361626433666464636431373661366161663963
63333361383464613465366164343464336437396431353535333935323335323431346136313231
38373961376138343864386630663138363532663232646231613139306438326166363532613462
39656165353235653261646162633434366666303035316366633065396465633339303737656366
37623865366538393431313962366266653832353532303131303963383866633333323833646564
30623764316165653831343863313366633731636563313138383265376530313830663934343261
33663638613536336334323132393433343636323466313731656439616538373931656537666464
37343735336164316333353366636338363162643934336636643137323738366437366232393332
66336136653334333337613536363066326262616232633865383763366538393238353434353931
38383337393165613637366434396232616564306432633962376562323036653266386330366430
36316430656435616134343834313434376561663766646535336639306265653061636531626335
33396632376339633332386232343633343232313736333036613036646463656335336539393237
31393833313637616662383065353037383863396366396165303139323734353339616439346663
37636463616432613039643735363531633536343931323238313533393430386530356365303738
37653962633232313334323735306562346636333637306135633839303564376132333365386165
62633237666366343439303562623866376435353231363633316235333532363739653539653539
66386534306133363731643162646164353134353631633661303461316463356136376235366130
38386334373362663231373962623831613861613531613930363338353562366364303361613838
36656634613161373931373133653765646432316562656561336366343835633439343631633530
33653761306635343463323638353766353338323563336165383966333135346636306138363834
31633532336537666332373738316636373464623465653238353466386633663166613762303837
39626637353166643162613832326132313638613935313538353138343133643163303834323032
36636366333166376239633566633634373265323066346636303332656536313366323563316436
31376266646334313435616664383032386638366632663230336263373433333939643762376339
62663435643965303965313934353232396661613631373961346138333538373965616434316630
35353937646438306538626431643139663362313435393266343038643036616363623464643735
39623739343530643631353537373231303434613439623434656438386638393839326635323863
66306330343361363231326161353863653861396265643934386261353531636235646335626264
30353830396538356437616432373832363262653931663233646235623065376635313465643762
61633139386561353761313262643061643436306338653836356637336436656462366437353537
66653939343561363635336532666437353630393164373865383462373662613435333038333638
33663837393962383431616539636137343231326361323736396163666563616533393861633361
64653239336131396337386237376362383362656663336534363762356562613162333561616535
37613962303231623035366431366232396637626231393862656265363066346466616230333161
30363736636138356339363762343034353039306334353430633436393564333634653762636161
31653136303439376339313262306432336534383766616233356462346336306537623961303336
62313530623465383037336437353136633337656631636365383933653135363534656235623036
66346339303337313938373539616236353163323339663336336462636164646664343539633539
64373831623962363838623132306236363038316134366438366565616366616334353166363736
64616331373762643562303432623961393061376163663338633232343539373635613563376634
35303138623265323966303061666362386332623562323264643963653432646665303462636634
30643464356633323162646465353934386663343033653034623137363436633230393535643338
66646532303438643334353537363236663032316466663132313266353861316535613638626237
66623933303030366132343166633265656537313538393761373463316535306638363464363162
65323165396261343731633466373635303061336363313863356362366339666237333637623532
62333062333233353032353861616633363237646138666230386666336230353736313834633030
64643465623335623432326339623839616133323333363361343266643864303631323334633832
37396363663564373731336363353561633263383332376665386639336237333135366636653333
38333562343236356566336331613237326262373433653732653837373766613931313264306330
61616639376430636232653236653932653066363835346230316162386465366438643233346538
61613138663235663235623136653932373662326537363439363731653662626336306631626339
66316130343038626465613863376265316133373031346130656137383762623933313661616665
64386436343332316530323439323137313630326565313534643232306333613463626664353234
35353036316364323061393434616539306430366231356435626231373561353434396639333038
32623534366362383963393635653236646636376361336133626566396162303433346261393235
36343335666133306133623063326263613332363730656435613836393730346565326230636135
35336663633232646164643533376630393661336163303031616665346239323330636431383238
30323936326537343636653437323530363237343131353035306565356666323135376139386430
64633661633561326138643136366634326532626533626135376663373736656363623463303762
38653333653935386237346430626637333334386435356133376362393037623436336264393731
64356536653563353434343364353561356163383435623564343037326239316639336630623761
35333038323661376638386334626130613365333566663233623533386466313531363037333535
63313564326666656365643132323530343039633662306432306234663065613632663634303434
63663463393134613761353532343432306562326636616530336336313231623732373934663832
36366237336631313033643561353361633637313635616335316665336265653363303330613766
39666138386533343932626535373438643431313130363563343061663638376263616234343566
30613232396436633665626364386237393834633965326438366639343839656633323065386335
33633663383639666365353664333533323138313732356230633136636332386336653663376238
62663935356665643031646637376332666665373030666266383361333361623834636465393035
31346163303532333236633034643332323936303330373630373734653834313331353362386331
37663863396433323766383835373236393032386332363633383731373763303862636436613865
33323962303861643936613233663539613162383536653763326638643233393931383861343664
39396136383038623033393164393530356130663564376562366261656362373463303435623332
39656566303635366533316336306265353465343463386265633961663630626336613262333830
61633964336661313635386266303563316435633234613265643465646630386165663037363330
38366236363561376336326632346538323634336132633464343236373464613138626365323965
62623265373732663231666232303832373438613463333264636561373539346630363865303830
37626537613831326332343638666337393266303061383733383965663166366665333535373161
38343639303765626131656565333138363562623634306562383766663537633739303436393932
38373632323564616663663863363837663537313530313366373534613833353834316566316638
61353733616338626132626434336662393363646130353334306238386639343561303734663734
38393365636430386361623366313239313631316564663236356431653830393661313634386466
66383062633238373438303738353862656161336431393263653337386639366361306131646262
39326533626164623064366636643930636535666439303534643838366461626236653462383936
35303234343631386336396336326662373562383530326363376336353931363034356331323635
32393736663235393930363033633236353931373230346335613737356266653730363965653565
37663765613338356466323830353735336138636261316264663261663939646165653264623833
33353964326339386133323331633335396161636236613466613330626335303530313561643037
33306530353638306161613762346231616637346534653730316664333230623266323864363465
65646437643661663163343166316333633935323565366636663839396266323765623237366139
63636130643763333161363665613235646661353134656564303136333833313436353335303362
39386164663334656633363738353064623737666566356630636666343835383966663764336562
30653334343661643632396463353436313131316564333637316265313366373964383035333866
64343337626137666666323831623862306239613964353865343639623538613239623536636638
30383833623561643235396166626330613435313566666134633530376464663135373363356630
65303334313961643831376236316662623265383237353330636230333939393263666261373165
66623531376230653665316364303333343731386266313361353862323565323663666336353961
31643265633039383439656530356338633562623132343363383866646263626563386534346363
35353161303631373166613332373162336164633563626239626266343137303137313431653538
35343865646230326562343937326663343863663661646665376133366465623732333762323433
63653764613865616632643061353166303964323030313732623665613938393435653139646664
64373766366461353235663134623134393131623733656164656535336564366530613338663461
37613030363433333533386337373061646366343636313434666535653934343431343432613261
35373831643732343537376465346536306438303535316164366661363861343466353264303830
39323133663539646134656335346235636531653833323565346234666432626534303961333733
39643862636330353362373336366638623231343062326366393965353431333439623562313233
65613231333061636636623532313039383739316463623731303030353131393634383430386566
31393661386331356461646565333365323037656561643765373035366430653031323531613534
38623236363961653430636533616131343234663535613030353038326135646631633065616565
63663331626330373438663365353739313161393964373438636362613062366136396637666134
38353432626435323239653663303866386664353763613462373366333438366232373965353663
62353535616331623538383536383339346132616237636432303034613839663462353931396634
35353062336135653037623938363163653834626438633165316331346432643563393766333263
39313635336138643761306366313639393238356235663937303933363634316164633362356532
30613734643562323132653061396633626162636535366235643233623732623933616434643261
30656666626362663238373463663438366562316530323431306637613464303765636536396666
36353233613464643533366562646237653230626161663730646337373634386561613264316561
32646562333531356162363138656461646230636339333762303466366235353961633838653531
37326164366565396438646165386263663433353930633538643637373463663735663237393633
31393466373364643266393938336234646638613632363465656161383964393363623364303437
32363038666363656266366364346364393661363630366330626265353761373930643132326164
37373563373866333835663962393138653630343435386636653831666633303366343161653966
32343238303032326631663361356635643430386433373464646138643966633432323137633535
39316334393033363462383964396232616437613563613064663731656363393862343337353839
65636663643637373033656134656239376235626366343138343764376363333331623237393633
39363266303231333330336238376464383133636166303539316162623332663136663563323366
64326565653866313965616236356465666564646362643762316138656235306166636663313666
35373166623837663238653136356135346164383063313664366638313937326634333638613833
31373630396431656130333733336461303266633337656330343263393639633164356134393338
38376235666339306433663466366535626365333235396634653863353361633139323739323265
65383930306333656561373537653830393865393333636562303661623031303766323761643964
34336631656233306338303036316137663334346238313738656330323031613034343731346565
66663834363438313635613739366366366131376636643639366431386162616133346238336463
34646331643362316231333563623232303838636266323035646163363334616535313939343735
63623961663262666563663230323235383032353566306362363265663934653937663230626162
37353063336237653765373932363930326236303665386633336138613161346439646663633663
38643734306265323562363833343832333261333634613330313664376339643332343334636662
33383663333930653237306361396434366331386430343937633933303565623861326162326261
39386533636166323161303761333835376631346339346131306365386631353731653239633366
33303566623032343361623736386530316632383632636637343232373432646231386138626336
36636234383430363066663233653237633435396439633938373331366265303431336235306134
64336434613938323266316564646433323334316236326430383136306334323235363239313335
34353364313930356262393231393233383335663261346334633630376330336363313162316639
64353366366130373964633063653231313036333237313431373662333633363334626564363832
32376237333461313032396431353561646337623332646630353231626665623231313835393633
37383663366332653364663333316564343331646635323165336332343163663962316265623564
34666261383333366463383237313639656561376264396438323962386237303931313530326663
66636535393362636163383434626133306464343464373333636232306234346632666162613761
30366562326132313230653139383166666665363164363061386138653839626238643564306234
34373530393363643065323564363030613764623433656462376436653263643636316164333831
66373730646463366263373333616461346562326532363732313033316130306664323634313035
66323866313635356330373763363736623534356534353533396530646364643039396131663536
32386166363563343430363261646336303532366231336566623934303964663734643134396365
64663332366233303838316330316163646137653736326362343137343930616136363132353135
38323939323965386436643431343031336464636435373636626632646561393235383062383361
38373566626636653163366238383535666164356263336136613364613432383032613431356230
65396636633531323363303864363861376630333065303164373731623434316438363833383264
37336364366337616336646164396366636366376232316538383438613233316236666264393164
31396664326334376261303631646134376261663165303861356336373332616636303930333865
33326634613639653638393361396636326138383266376365333466396533633364346131333561
66383630663866316265653663383262656431353661303930643465643630393633373563343463
63353634326665663930396436353038616365616235313166623933653530616339646136343565
61636662643966333166613430373936363532316437623831396639356439666333316638366238
33383864623065333936346634333131303232623065643139653861376236653337356365353563
31636238383865643233383439393838323935313366333637356666393134653730366361653966
63643136323432333738316364383234656635623331626230333432653837396362626532333963
34633835613537383363633865376263343634636166343764353562623930626561643131656563
38353231366664333137626361336338383265643165346163613761353765666536613039363430
33623965396264383565363162396535636162386331336135396262666361623266366565633366
61363363363764333934376261623039393237306338323136303065386663323433613664616366
32373961643531396665376136303261653462316435373137613430346130366262623830343634
35306465316434366236333762383835373734626434613437333561636364346337373563623034
38656139613830346137646561616135323661356433323032626532303632636264626138363231
37316531626530336532333961663234366139383765643661306438383764633338343966343236
33373565326365623530356533333033663232383637313264366336663637366337366437346134
65376264666661643932333831333237333735373265343938613732656530313032393864313464
31383638306564323463646465363031393865333039633637323931353139636332653935393566
30643365646532653435336636373136623238306233306664346335623233626366356130623961
38316231323834326662633163373766393762623236306237653239646232306164646236323732
61303737383539373732623931363865313561396639633662643866316431333661353231383938
31303332643661346163303333363461633638623238343237663863343266363065656537353232
30366265333262316462363031376162616634623230653066386430366332333738303738356533
36303362643537366339356665313064323332323762663664613064663963373338373762336539
38336631346637323330633861343932613337663465653664306565643735353061646338303566
66616664366535313338373833616338653265353535623263663234356530353364373133323036
33623130336133386266343432366463623635363137653736363664373639373139313765366439
33313166656133636361366437643361396161623465333861346331643964316439363630323233
63313661623138333362643136623934393662386434616438336130643239346366666164643461
30303239333432613638323738313539386162306564653131363864646665333932353332323232
32303661323230353063653634373130653165656638353666653032376439643963646436333363
64386661356134316435366234376666643333643265636532616166626165353937616335323836
35636566313539643932353833613963643736623838343433343563373533613330376161646531
66363862356430636636623734303134663938636534386561376664653662313163363861643965
35656133313662636538626530336165613465333463313536633965303662656538353037316537
30333336383065316237343435313232313438623430623131383863346438306332
